10
0 9589 2439 1314 4918 228 7995 6518 7999 1887
713 0 2635 44 9894 5068 9867 7193 4000 1477
9093 97 0 7563 5150 3330 3445 6622 966 4904
3235 1665 7649 0 3867 4905 2256 7760 8201 1013
8900 6387 6749 8806 0 1209 1065 5517 7313 6507
3911 7154 7690 6116 4994 0 6885 2618 6434 8426
5304 4334 8918 8320 2320 8448 0 1986 476 6109
7597 8759 4872 758 5850 9805 6382 0 2254 2066
2905 7158 7537 8511 3859 3333 4566 3631 0 7478
4597 7525 8585 8432 4678 7013 8326 2863 2042 0
10
0 750 6125 5080 5805 450 4600 2275 9503 2356
8340 0 3522 6674 4108 92 9994 3060 1519 5537
8305 8889 0 3220 8661 8324 7747 4989 3712 9297
9733 9557 7424 0 5882 8593 4161 8251 9103 619
4292 9321 2632 5590 0 5190 5062 9677 7886 8549
3771 7299 1107 3878 641 0 2401 4923 5342 5668
283 8942 2558 4895 4901 7871 0 5407 2667 6293
9261 747 7565 561 5500 2923 9170 0 1513 6930
1842 2071 9872 3834 4878 2741 8594 4056 0 4862
8788 122 1891 1176 6457 2430 1686 5812 4388 0
10
0 1358 6883 6871 6735 8680 9954 4681 8450 901
8611 0 3904 6647 8765 9538 5903 6853 3486 8646
8170 6496 0 9457 155 173 2818 8380 2860 2413
3084 8035 5133 0 1612 7560 8473 7165 2294 6427
4506 6247 1705 1982 0 2873 564 2353 1879 6169
8605 9269 5241 9664 7949 0 3913 7509 1398 7132
4178 3069 4965 8983 420 5490 0 8237 2371 708
8479 5565 2618 9038 249 8933 8093 0 2919 2025
7609 7129 9213 7513 7210 1793 9279 2982 0 2632
6768 1632 6072 9462 9831 8512 7512 2587 6344 0
10
0 8662 9672 8107 4833 5414 7206 5999 8047 5796
2058 0 1645 3366 9988 3979 2944 4689 7251 9500
2821 2197 0 2677 7541 6003 2755 7437 7522 7709
7527 7363 5688 0 3655 420 2983 2614 2576 2219
9982 8873 2 1339 0 5773 8046 128 3521 366
9727 9536 3493 2497 6698 0 7445 9307 9713 1878
5968 4670 2581 1634 9076 586 0 7452 6782 2728
7894 2243 7940 3161 462 572 8861 0 2957 6614
489 1578 3030 6310 4588 9239 7752 4130 0 444
5735 7031 4639 4132 1140 3015 9221 1236 481 0
10
0 8696 1762 1507 4043 281 8161 8806 1198 9040
1726 0 8343 627 536 94 2234 8297 9316 7711
3935 4708 0 2043 2863 124 8718 2835 6340 1598
9696 9891 5540 0 3688 5392 9101 3530 6262 6153
3249 7576 6314 2702 0 4887 9672 6584 1703 3059
2406 8894 2781 8560 1842 0 8344 2014 1527 3172
604 6839 5414 6094 7215 6706 0 5147 8890 2972
7305 672 967 4991 7455 5354 4077 0 8943 7653
2976 3109 1342 8180 1139 5476 1232 4784 0 2537
1569 3341 6331 8900 2006 3305 6894 7829 8856 0